302109794 
300993843 
300994806 
300994935 
300995019 
300347057 
300347110 
300348559 
300348665 
300349459 
300349485 
300349489 
300349720 
300351721 
300351735 
300351748 
300351749 
300351968 
300351970 
300352044 
300352622 
300352866 
300369148 
300375309 
300379191 
300386192 
300399289 
300399291 
300399878 
300399911 
300399937 
300401829 
300402276 
300402350 
300405110 
300405233 
300405324 
300405524 
300405565 
300405841 
300405855 
300405871 
300406337 
300407337 
300407374 
300407418 
300407420 
300407720 
300407788 
300407976 
300408399 
300408461 
300408467 
300409384 
302318422 
302318434 
302318453 
302318461 
302318465 
302318497 
302318499 
302318501 
302318503 
302318506 
302318507 
302318508 
302319751 
302319910 
302320032 
302320185 
302320187 
302320200 
302320219 
302320248 
302320359 
302320366 
302342757 
302342775 
302342787 
302343183 
302343206 
302343213 
302343224 
302343558 
302354558 
302354583 
302354589 
302360721 
302366043 
302367155 
302367186 
302367272 
302372019 
302372025 
302372166 
302374102 
302374123 
302377847 
302377873 
302381497 
302381533 
302384418 
302384783 
302384829 
302384895 
302384896 
302385019 
302385206 
300416496 
300416501 
300416502 
300416505 
300416511 
300416512 
300416514 
300416522 
300416524 
300416526 
300416527 
300416531 
300416536 
300416537 
300416539 
300416547 
300416549 
300416550 
300416552 
300416556 
300416564 
300416568 
300416569 
300416577 
300476346 
300476354 
300476378 
300476389 
300476429 
300476454 
300477259 
300478570 
300478590 
300478598 
300478605 
300478606 
300478607 
300478610 
300479837 
300480625 
300480631 
300480794 
300482991 
300482999 
300930163 
300930168 
300930178 
300930186 
300930190 
300930195 
300930197 
300930207 
300930208 
300930237 
303241929 
303241942 
303241969 
303241986 
303242164 
303984359 
303984361 
303984364 
303984366 
303985582 
303985644 
303986779 
303986780 
303986782 
303986783 
303986784 
303986785 
303986786 
303986787 
303986788 
303986789 
303986938 
303987970 
303987983 
303988493 
303988891 
709497918 
709498083 
709498136 
709498148 
709498172 
709498187 
709498237 
709498238 
709498257 
709498266 
709498280 
709498292 
709498319 
709498378 
709498443 
709498451 
709498453 
709498475 
709498476 
709498506 
709498545 
709498560 
709498607 
709498615 
709498617 
709498648 
709498655 
709498699 
300355079 
300355084 
300355085 
300355086 
300355087 
300355088 
300355089 
300355090 
300355092 
300355093 
300355095 
300355100 
300355101 
300355102 
300355105 
300355107 
300355109 
300355110 
300358922 
302422173 
302422174 
302422175 
302422206 
302422429 
302422525 
302422534 
302422618 
302422948 
302423791 
302425703 
302430967 
302431006 
302431039 
302431040 
302431042 
302431088 
302431351 
302431439 
302431571 
302431593 
302431594 
302431871 
302431910 
302432039 
302432110 
302778411 
302779130 
302779151 
302779885 
302781135 
302782175 
302786509 
302789471 
302789478 
302809144 
302814378 
302816084 
302818304 
302818724 
302818917 
302821486 
302821910 
302823106 
300358925 
300358926 
300358927 
300358932 
300358938 
300358940 
300358946 
300358951 
300358954 
300358970 
300359026 
300359028 
300359031 
300359033 
300359036 
300359041 
300359050 
300359052 
300359065 
300359067 
300359077 
300359084 
300359086 
300359112 
300359114 
300359116 
300359117 
300359120 
300359128 
300359154 
300359155 
300359160 
300359162 
300359168 
300359169 
300359173 
300359174 
300359175 
300359187 
300359190 
300359203 
300359206 
300359209 
300359214 
300359215 
300219646 
300219649 
300219697 
300219703 
300219708 
300219726 
300219730 
300219737 
300219753 
300219764 
300219773 
300219777 
300219786 
300219818 
300219824 
300219826 
300219869 
300219882 
300219885 
300219904 
300219906 
300219914 
300219919 
300219926 
300219937 
300219941 
300219975 
300220009 
300220013 
300220017 
300220026 
300220028 
300220039 
300220045 
300220056 
300220071 
300220075 
300220080 
300220095 
300220103 
300220109 
300220113 
300220120 
300220131 
300220136 
300220146 
300220170 
300220175 
300220177 
300220181 
300220187 
300220195 
300220198 
300220212 
300382302 
300382317 
300382985 
300383153 
300383481 
300385098 
300385984 
300385985 
300408880 
300417319 
300417320 
300420722 
300422911 
300422914 
300424125 
300424126 
300429931 
300431975 
300432519 
300432520 
300432929 
300433150 
300433154 
300433156 
300433178 
300433181 
300433211 
300433218 
300433236 
300433237 
300433247 
300433249 
300433251 
300433253 
302525684 
302525685 
302525686 
302525687 
302525688 
302525689 
302525692 
302525694 
302525695 
302525696 
302525698 
302525699 
302525700 
302525701 
302525703 
302525704 
302525705 
302525708 
302525710 
302525712 
300034647 
300034785 
300034855 
300035058 
300035413 
300035764 
300035859 
300036103 
300036411 
300036428 
300036632 
300036798 
300036839 
300037066 
300037140 
300037213 
300037221 
300037332 
300037361 
300037527 
300037623 
300037857 
300037957 
300038024 
300038195 
300038324 
300038503 
300039033 
300227636 
300227637 
300227648 
300227651 
300227656 
300227657 
300227677 
300227680 
300227683 
300227703 
300227722 
300227725 
300227751 
302433358 
302435171 
302435267 
302435534 
302435786 
302435789 
302435917 
302437406 
302437999 
302438219 
302439310 
302439467 
302439958 
300165058 
300167185 
300170891 
300190479 
300193122 
300195132 
300196298 
300196554 
300197762 
300201443 
300201471 
300202350 
300203294 
300203325 
300210932 
300214728 
300214765 
300214769 
300243519 
708349195 
708349274 
708349378 
708350438 
708350461 
708350801 
708350873 
708353646 
708387537 
708391211 
708428155 
708428166 
708428365 
708428424 
708428435 
708434394 
708436151 
708553033 
708553172 
708553905 
708554032 
708554854 
708557674 
708563362 
708579180 
708681121 
708686888 
708686906 
708686912 
708686918 
708700223 
302823561 
302823562 
302823563 
302838719 
302864771 
302864773 
302865342 
302865343 
302865375 
302872952 
302873420 
302873567 
302873630 
302874437 
302874482 
302875150 
302877621 
302878531 
302878761 
302882817 
302882845 
302882862 
302882864 
302882865 
302882891 
303247174 
303247177 
303247180 
303247181 
303247188 
303247192 
300355167 
300355168 
300355172 
300355173 
300355175 
300355178 
300355184 
300355186 
300355187 
300355188 
300355189 
300355190 
300355196 
300355197 
300355198 
300355199 
300355201 
300355202 
300355203 
300355204 
300355205 
300355206 
300355207 
300355208 
300355209 
300355210 
300355212 
302786740 
302786741 
302795801 
302802374 
302828657 
302828660 
302828689 
302828702 
302828709 
302828712 
302828718 
302828722 
302828725 
302828752 
302828761 
302828782 
302828795 
302828802 
302828826 
302828830 
302828844 
302828852 
302828855 
302828864 
302828877 
302828904 
302828918 
302828924 
302828939 
302828957 
302828962 
302828971 
302829098 
302829111 
302829162 
302829200 
302829207 
302829296 
302829432 
302829441 
302834469 
303950215 
303950217 
303950221 
303951921 
303961705 
303976388 
303976389 
303976979 
303976980 
303976981 
303976982 
303977819 
303977820 
302046227 
302048156 
302049847 
302058301 
302061987 
302071888 
302087736 
301154334 
301154341 
301154343 
301154576 
301154822 
301154985 
301154999 
301155023 
301155039 
301155041 
301155047 
301155053 
301155332 
301156454 
301156455 
301156457 
301156458 
301156459 
301156463 
301156465 
301156471 
301156476 
301156478 
301156479 
301164171 
301168446 
301168586 
301193780 
302570551 
302570552 
302570553 
302570555 
302570556 
302570557 
302570558 
302570559 
302570560 
302570561 
302570562 
302570563 
302570564 
302570569 
302570571 
302570572 
302570575 
302570579 
302570581 
300906932 
300906935 
300906936 
300906937 
300906940 
300906942 
300906943 
300906944 
300906945 
300906947 
300906949 
300906951 
300906952 
300906959 
300906964 
300906965 
300914850 
300914854 
300916317 
300916844 
300916877 
300916935 
300942844 
300942845 
300942846 
300942856 
300942865 
300942872 
300942886 
300942888 
300942890 
300942892 
300943869 
300943902 
300944007 
300944029 
300944045 
300944053 
300944236 
300944603 
300945284 
300945489 
300945490 
300948025 
300952432 
300952535 
300952546 
300952812 
300952876 
300952878 
300952884 
300952889 
300952892 
300952898 
300409393 
300409501 
300409626 
300409649 
300409762 
300410100 
300410101 
300410126 
300410201 
300410791 
302695484 
302695486 
302695487 
302695492 
302695493 
302695494 
302695496 
302695497 
302695498 
302695500 
302695501 
302695502 
302695503 
302695504 
302695505 
302695506 
302695507 
302695508 
302695509 
302695510 
302695511 
302695516 
302695517 
302695518 
302695520 
302695521 
302695522 
302695525 
302695526 
302695527 
302695528 
302695529 
302695530 
302695533 
302695534 
302695537 
303948409 
303948411 
303975021 
303975023 
303979405 
303980142 
303981908 
303982393 
302385802 
302385827 
302385920 
302386254 
302386628 
302386667 
302386811 
302387088 
302387207 
302387384 
302387418 
302387593 
302388031 
302388075 
302388091 
302388179 
302388190 
302388356 
302388423 
302388550 
302388565 
302388619 
302388689 
302388711 
302388723 
302388831 
302388864 
302389055 
302389089 
302389191 
302389210 
302389439 
302389591 
302389725 
302389759 
302389863 
302389864 
302389941 
302389942 
302389945 
302390239 
302390607 
302390639 
302390699 
302390754 
302390902 
302390912 
302391100 
302391107 
302443895 
302443921 
302443956 
302444045 
302444390 
300930242 
300930243 
300931019 
300931318 
300931364 
300931366 
300934165 
300934167 
300934173 
300934183 
300934206 
300934248 
300934285 
300934286 
300934290 
300934295 
300934306 
300934310 
300934322 
300934332 
300934336 
300934339 
300934340 
300934341 
300934342 
300934343 
300934349 
300934350 
300934352 
300934357 
300934724 
300934736 
300934742 
302058194 
302063382 
302067227 
302070507 
302077527 
302116612 
302117962 
302123265 
302123389 
302123392 
302123393 
302123396 
302571510 
302571511 
302571512 
302571514 
302571515 
302571518 
302571519 
302571520 
302571521 
709498785 
709498851 
709498900 
709498915 
709499004 
302398565 
302398566 
302398595 
302398673 
302398820 
302398854 
302398880 
302398882 
302398991 
302399048 
302399166 
302399174 
302399227 
302399309 
302399328 
302399359 
302399382 
302399594 
302399868 
302399997 
302400247 
302400266 
302400315 
302400320 
302400321 
302400361 
302400377 
302400378 
302400392 
301153681 
301153682 
301153684 
301153685 
301153686 
301153687 
301153688 
301153689 
301153690 
301153691 
301153692 
301153693 
301153696 
301153697 
301153698 
301153699 
301153702 
301153704 
301153705 
301153706 
301153742 
301153743 
302559230 
302559231 
302559232 
302559233 
302559235 
302559237 
302559238 
302559240 
302559241 
302559242 
302559243 
302559244 
302559245 
302559246 
302559247 
302559248 
302559249 
302559250 
302559251 
302559254 
302559255 
302559257 
302559258 
302559259 
302559261 
303279589 